54 3684 1
54 3902 1
54 5151 1
54 6263 1
54 8611 1
54 10335 1
54 10966 1
54 12539 1
54 13092 1
54 15375 1
54 20259 1
54 20490 1
54 20736 1
54 20809 1
54 20953 1
54 21318 1
54 22504 1
54 23754 1
54 36539 1
54 36554 1
54 40507 1
54 44928 1
54 45954 1
54 47900 1
54 49072 1
54 49240 1
54 51512 1
54 51881 1
54 51921 1
54 55139 1
54 55552 1
54 55707 1
54 55949 1
54 62013 1
54 62804 1
54 63340 1
54 70244 1
54 75417 1
54 80795 1
54 81915 1
54 82184 1
54 82190 1
54 82327 1
54 82442 1
54 82449 1
54 82564 1
54 83752 1
54 84171 1
54 84311 1
54 84427 1
54 84616 1
56 587 1
56 730 1
56 1295 1
56 4779 1
56 9183 1
56 9186 1
56 9225 1
56 9491 1
56 10085 1
56 10086 1
56 10095 1
56 10096 1
56 10108 1
56 10109 1
56 10286 1
56 10289 1
56 10290 1
56 10293 1
56 10389 1
56 10418 1
56 10427 1
56 10614 1
56 10620 1
56 10622 1
56 10626 1
56 10630 1
56 10632 1
56 10643 1
56 10648 1
56 11962 1
56 12949 1
56 12953 1
56 12967 1
56 13051 1
56 13078 1
56 13208 1
56 13216 1
56 13218 1
56 13219 1
56 13220 1
56 13222 1
56 13240 1
56 13243 1
56 13250 1
56 13252 1
56 13257 1
56 13422 1
56 13424 1
56 13426 1
56 13446 1
56 13555 1
56 13664 1
56 13823 1
56 13828 1
56 13836 1
56 13842 1
56 13851 1
56 14364 1
56 14921 1
56 16714 1
56 17504 1
56 17555 1
56 17839 1
56 19648 1
56 20350 1
56 20433 1
56 20605 1
56 20887 1
56 20905 1
56 21813 1
56 22635 1
56 24698 1
56 25697 1
56 25937 1
56 27610 1
56 30487 1
56 33969 1
56 33985 1
56 34008 1
56 34254 1
56 34551 1
56 35004 1
56 35248 1
56 36392 1
56 36597 1
56 36598 1
56 36601 1
56 36604 1
56 36605 1
56 36617 1
56 36751 1
56 36895 1
56 37063 1
56 37074 1
56 37250 1
56 37609 1
56 41779 1
56 42197 1
56 42345 1
56 43299 1
56 43409 1
56 44130 1
56 44131 1
56 44146 1
56 44158 1
56 44295 1
56 44490 1
56 44620 1
56 44632 1
56 44634 1
56 44636 1
56 44641 1
56 44642 1
56 44645 1
56 44647 1
56 44649 1
56 44868 1
56 44882 1
56 44889 1
56 44890 1
56 44891 1
56 44894 1
56 44907 1
56 44974 1
56 45156 1
56 45165 1
56 47163 1
56 47981 1
56 47986 1
56 48913 1
56 49210 1
56 49213 1
56 49368 1
56 49674 1
56 49687 1
56 49694 1
56 49701 1
56 49943 1
56 49950 1
56 49976 1
56 52635 1
56 52995 1
56 63491 1
56 64110 1
56 64938 1
56 65216 1
56 65950 1
56 72652 1
56 73018 1
56 73239 1
56 73520 1
56 73540 1
56 76947 1
56 77106 1
56 77434 1
56 77438 1
56 77441 1
56 77446 1
56 77449 1
56 77455 1
56 77464 1
56 77958 1
56 77992 1
56 80458 1
56 81827 1
56 81910 1
56 84031 1
57 6329 1
57 7780 1
57 7781 1
57 7785 1
57 21174 1
57 21198 1
57 25115 1
57 27687 1
57 32281 1
57 34603 1
57 36826 1
57 46565 1
57 50248 1
57 66024 1
57 67604 1
57 80732 1
57 82294 1
57 82457 1
58 8176 1
58 14907 1
58 14954 1
58 15109 1
58 15146 1
58 15147 1
58 15204 1
58 15337 1
58 15771 1
58 15779 1
58 15803 1
58 15965 1
58 16041 1
58 16068 1
58 16689 1
58 17436 1
58 17841 1
58 18503 1
58 19393 1
58 20877 1
58 26669 1
58 35742 1
58 36057 1
58 39123 1
58 40039 1
58 40200 1
58 40297 1
58 41869 1
58 42075 1
58 43308 1
58 43450 1
58 43536 1
58 44554 1
58 44626 1
58 44705 1
58 44920 1
58 44976 1
58 45132 1
58 45222 1
58 46278 1
58 46302 1
58 46437 1
58 46555 1
58 47010 1
58 47573 1
58 47827 1
58 48458 1
58 48819 1
58 49402 1
58 49779 1
58 50945 1
58 51038 1
58 52153 1
58 52882 1
58 53431 1
58 55389 1
58 59652 1
58 64236 1
58 64752 1
58 64872 1
58 65451 1
58 65527 1
58 65881 1
58 66066 1
58 67029 1
58 74994 1
58 75075 1
58 75122 1
58 80546 1
58 80640 1
59 1133 1
59 1543 1
59 2274 1
59 4310 1
59 7812 1
59 7855 1
59 7901 1
59 8120 1
59 8200 1
59 8399 1
59 8442 1
59 8583 1
59 8724 1
59 8858 1
59 9040 1
59 9165 1
59 9337 1
59 9637 1
59 10190 1
59 10823 1
59 11011 1
59 11740 1
59 11836 1
59 12151 1
59 12284 1
59 12473 1
59 12769 1
59 13032 1
59 13168 1
59 13474 1
59 13547 1
59 14512 1
59 14885 1
59 15056 1
59 15169 1
59 15176 1
59 15252 1
59 15280 1
59 15390 1
59 15580 1
59 15720 1
59 16007 1
59 16143 1
59 16505 1
59 16980 1
59 17093 1
59 17705 1
59 17944 1
59 17968 1
59 21571 1
59 21681 1
59 21691 1
59 21864 1
59 25472 1
59 25614 1
59 27248 1
59 27311 1
59 27593 1
59 27771 1
59 28020 1
59 29321 1
59 29513 1
59 29530 1
59 29571 1
59 29617 1
59 29705 1
59 29796 1
59 29867 1
59 29915 1
59 29933 1
59 30706 1
59 31010 1
59 31534 1
59 32116 1
59 32147 1
59 32350 1
59 32417 1
59 32495 1
59 32665 1
59 33809 1
59 34210 1
59 34731 1
59 34768 1
59 34842 1
59 35335 1
59 35656 1
59 35675 1
59 36027 1
59 36300 1
59 37300 1
59 37485 1
59 37692 1
59 37701 1
59 37984 1
59 38659 1
59 38813 1
59 38930 1
59 39353 1
59 39477 1
59 40831 1
59 40918 1
59 41612 1
59 41638 1
59 41907 1
59 41980 1
59 42025 1
59 42086 1
59 42161 1
59 42848 1
59 42995 1
59 43140 1
59 43265 1
59 43351 1
59 43459 1
59 43624 1
59 43684 1
59 44695 1
59 44742 1
59 45033 1
59 45053 1
59 45122 1
59 45971 1
59 46063 1
59 46137 1
59 46236 1
59 46678 1
59 46941 1
59 46972 1
59 47387 1
59 47532 1
59 47804 1
59 47805 1
59 48014 1
59 48421 1
59 48659 1
59 48806 1
59 48975 1
59 49042 1
59 49244 1
59 49588 1
59 49736 1
59 49810 1
59 49918 1
59 50081 1
59 50920 1
59 50970 1
59 51008 1
59 51113 1
59 55456 1
59 55461 1
59 55610 1
59 57232 1
59 57657 1
59 58435 1
59 58549 1
59 58575 1
59 58591 1
59 58731 1
59 58745 1
59 59003 1
59 59125 1
59 59462 1
59 60186 1
59 60200 1
59 60242 1
59 60264 1
59 60307 1
59 60313 1
59 60422 1
59 60447 1
59 60486 1
59 60528 1
59 60529 1
59 60745 1
59 60766 1
59 60774 1
59 60791 1
59 61016 1
59 61031 1
59 61092 1
59 61114 1
59 61206 1
59 61291 1
59 61295 1
59 61488 1
59 61536 1
59 61571 1
59 61587 1
59 61656 1
59 61671 1
59 61679 1
59 61680 1
59 61837 1
59 61884 1
59 62033 1
59 62129 1
59 62185 1
59 62232 1
59 62425 1
59 63084 1
59 63345 1
59 63461 1
59 63723 1
59 63725 1
59 63852 1
59 63975 1
59 63984 1
59 64182 1
59 64602 1
59 65020 1
59 65050 1
59 65064 1
59 65175 1
59 66186 1
59 66959 1
59 67041 1
59 67062 1
59 67065 1
59 67079 1
59 67120 1
59 67134 1
59 67190 1
59 67419 1
59 67500 1
59 68165 1
59 68374 1
59 68398 1
59 68690 1
59 68945 1
59 73006 1
59 73260 1
59 73319 1
59 73323 1
59 73324 1
59 73451 1
59 73632 1
59 74831 1
59 74965 1
59 74983 1
59 75045 1
59 75114 1
59 75121 1
59 75128 1
59 75247 1
59 75312 1
59 75357 1
59 75371 1
59 75602 1
59 75609 1
59 75729 1
59 76056 1
59 76175 1
59 76331 1
59 76615 1
59 76680 1
59 76710 1
59 77240 1
59 77376 1
59 77544 1
59 78082 1
59 78778 1
59 78833 1
59 79164 1
59 79633 1
59 79801 1
59 80039 1
59 80174 1
59 80177 1
59 80281 1
59 80285 1
59 80874 1
59 81029 1
59 81519 1
59 81801 1
59 81888 1
59 81961 1
59 81972 1
59 82047 1
59 82060 1
59 82070 1
59 82265 1
59 82325 1
59 82813 1
59 82900 1
59 83348 1
59 83684 1
59 83735 1
59 83897 1
59 84107 1
59 84310 1
59 84569 1
60 13246 1
60 26166 1
60 40367 1
60 42946 1
60 46101 1
60 54766 1
60 75560 1
61 377 1
61 814 1
61 1058 1
61 5852 1
61 8329 1
61 8330 1
61 17145 1
61 19793 1
61 20025 1
61 20503 1
61 20570 1
61 20827 1
61 20999 1
61 22688 1
61 22766 1
61 23003 1
61 23004 1
61 23817 1
61 23847 1
61 25271 1
61 29030 1
61 29297 1
61 29494 1
61 82608 1
62 4868 1
62 7333 1
62 7522 1
62 7701 1
62 8182 1
62 8216 1
62 8257 1
62 8313 1
62 8405 1
62 8475 1
62 8655 1
62 8853 1
62 9834 1
62 13459 1
62 13868 1
62 14863 1
62 15806 1
62 16130 1
62 21356 1
62 21359 1
62 21377 1
62 21575 1
62 21626 1
62 21660 1
62 21954 1
62 21963 1
62 21985 1
62 22157 1
62 22457 1
62 22695 1
62 22789 1
62 22869 1
62 22932 1
62 23017 1
62 23304 1
62 23460 1
62 24006 1
62 24103 1
62 24805 1
62 30112 1
62 30218 1
62 30327 1
62 31047 1
62 31073 1
62 31282 1
62 31632 1
62 32031 1
62 32085 1
62 32182 1
62 32378 1
62 32475 1
62 32526 1
62 32716 1
62 32977 1
62 33700 1
62 36764 1
62 39507 1
62 39718 1
62 40656 1
62 42477 1
62 42511 1
62 42743 1
62 42807 1
62 43072 1
62 43427 1
62 43792 1
62 43946 1
62 44739 1
62 47085 1
62 60376 1
62 60827 1
62 62093 1
62 64256 1
62 64290 1
62 64429 1
62 64499 1
62 64543 1
62 64584 1
62 64592 1
62 64758 1
62 65262 1
62 68174 1
62 69956 1
62 72114 1
62 75020 1
62 78160 1
62 78296 1
62 78611 1
62 78613 1
62 79359 1
62 80056 1
62 80069 1
62 80089 1
62 80337 1
62 80373 1
62 80985 1
62 81531 1
62 81787 1
62 82061 1
62 82082 1
62 82361 1
62 82436 1
62 82532 1
62 82638 1
62 82740 1
62 82882 1
62 83324 1
62 83453 1
62 83613 1
62 83747 1
62 83847 1
62 83907 1
62 83968 1
62 84087 1
62 84147 1
63 67282 1
64 3149 1
64 4923 1
64 7615 1
64 8482 1
64 9422 1
64 9695 1
64 10370 1
64 11573 1
64 11976 1
64 12741 1
64 12868 1
64 19328 1
64 20517 1
64 22835 1
64 23285 1
64 29266 1
64 29383 1
64 29528 1
64 31302 1
64 33260 1
64 35455 1
64 35793 1
64 37773 1
64 37999 1
64 38829 1
64 38904 1
64 40873 1
64 40942 1
64 41186 1
64 49036 1
64 49054 1
64 49234 1
64 49385 1
64 49391 1
64 49404 1
64 49557 1
64 49734 1
64 49763 1
64 49794 1
64 49830 1
64 49835 1
64 49836 1
64 49840 1
64 49849 1
64 49871 1
64 49893 1
64 49903 1
64 49920 1
64 49924 1
64 50042 1
64 50057 1
64 50425 1
64 50426 1
64 50429 1
64 50432 1
64 50478 1
64 50484 1
64 50491 1
64 50529 1
64 50645 1
64 50650 1
64 50675 1
64 50714 1
64 50909 1
64 50923 1
64 50930 1
64 51037 1
64 51065 1
64 51102 1
64 51120 1
64 51125 1
64 51151 1
64 51157 1
64 51295 1
64 51313 1
64 51349 1
64 51531 1
64 51543 1
64 51596 1
64 51663 1
64 51693 1
64 51826 1
64 52121 1
64 52322 1
64 52366 1
64 52568 1
64 52644 1
64 52796 1
64 52892 1
64 52904 1
64 53059 1
64 53099 1
64 53172 1
64 53412 1
64 53661 1
64 53894 1
64 54054 1
64 57962 1
64 58013 1
64 61311 1
64 61925 1
64 64878 1
64 65025 1
64 65111 1
64 65120 1
64 65138 1
64 65305 1
64 66630 1
64 66695 1
64 66993 1
64 68974 1
64 69011 1
64 69493 1
64 69627 1
64 70164 1
64 70784 1
64 72742 1
64 73703 1
64 80271 1
64 80342 1
64 81779 1
64 83625 1
64 84204 1
68 12985 1
68 15497 1
68 16458 1
68 19944 1
68 19955 1
68 24841 1
68 26545 1
68 36205 1
68 42342 1
68 48805 1
68 71212 1
68 71721 1
68 83776 1
71 13 1
71 2009 1
71 3190 1
71 3576 1
71 5518 1
71 10213 1
71 10259 1
71 10294 1
71 10776 1
71 12784 1
71 14643 1
71 15262 1
71 15997 1
71 16923 1
71 16968 1
71 17067 1
71 17318 1
71 17668 1
71 17784 1
71 17921 1
71 18327 1
71 18658 1
71 19295 1
71 19308 1
71 20690 1
71 21068 1
71 21216 1
71 21347 1
71 21547 1
71 21549 1
71 21609 1
71 21664 1
71 21704 1
71 21923 1
71 21997 1
71 22249 1
71 22424 1
71 22572 1
71 22719 1
71 22728 1
71 22946 1
71 22988 1
71 23195 1
71 23251 1
71 23477 1
71 23600 1
71 23601 1
71 23854 1
71 24069 1
71 24144 1
71 24155 1
71 24680 1
71 25729 1
71 26746 1
71 27017 1
71 27341 1
71 27566 1
71 28964 1
71 29020 1
71 30395 1
71 30744 1
71 31043 1
71 31434 1
71 32644 1
71 32907 1
71 32931 1
71 33157 1
71 33274 1
71 33492 1
71 34626 1
71 34644 1
71 35372 1
71 35428 1
71 35438 1
71 36399 1
71 36436 1
71 37954 1
71 37965 1
71 38501 1
71 39404 1
71 40205 1
71 41501 1
71 44491 1
71 44931 1
71 46487 1
71 46985 1
71 47051 1
71 47550 1
71 47852 1
71 48091 1
71 51327 1
71 56660 1
71 56868 1
71 57022 1
71 57910 1
71 58264 1
71 58275 1
71 58744 1
71 60922 1
71 61108 1
71 61214 1
71 61332 1
71 61572 1
71 64464 1
71 66354 1
71 68901 1
71 69294 1
71 71307 1
71 71405 1
71 71582 1
71 71608 1
71 71705 1
71 71872 1
71 72013 1
71 72017 1
71 72279 1
71 72701 1
71 72839 1
71 72993 1
71 73140 1
71 75894 1
71 76620 1
71 79049 1
71 79070 1
71 79111 1
71 79888 1
71 82562 1
71 82570 1
71 83060 1
71 83685 1
71 83712 1
71 84336 1
77 1378 1
77 1499 1
77 5635 1
77 5799 1
77 10214 1
77 12289 1
77 13535 1
77 15845 1
77 18683 1
77 19337 1
77 20007 1
77 22205 1
77 25573 1
77 25753 1
77 25832 1
77 26459 1
77 26656 1
77 28078 1
77 28911 1
77 30627 1
77 30794 1
77 31598 1
77 32304 1
77 35708 1
77 35772 1
77 36417 1
77 37598 1
77 38277 1
77 38529 1
77 38944 1
77 39188 1
77 40146 1
77 40526 1
77 42296 1
77 44275 1
77 46119 1
77 46634 1
77 47522 1
77 48624 1
77 48710 1
77 48789 1
77 49084 1
77 49252 1
77 49589 1
77 50490 1
77 50892 1
77 52923 1
77 55143 1
77 60987 1
77 61053 1
77 65513 1
77 67497 1
77 67689 1
77 68173 1
77 70288 1
77 70850 1
77 75395 1
77 76522 1
77 76913 1
77 80848 1
77 81920 1
77 83359 1
80 8481 1
80 10786 1
80 17378 1
80 23481 1
80 39876 1
85 60 1
85 1341 1
85 1383 1
85 1399 1
85 1433 1
85 1498 1
85 1715 1
85 2265 1
85 2266 1
85 2268 1
85 2270 1
85 2689 1
85 2922 1
85 3490 1
85 3647 1
85 3703 1
85 3922 1
85 4018 1
85 5059 1
85 5663 1
85 5735 1
85 5851 1
85 5858 1
85 5998 1
85 6083 1
85 6300 1
85 6404 1
85 6452 1
85 6482 1
85 6573 1
85 6866 1
85 7005 1
85 7058 1
85 7228 1
85 7275 1
85 7336 1
85 7707 1
85 8076 1
85 9005 1
85 9185 1
85 9246 1
85 9348 1
85 9722 1
85 9837 1
85 10435 1
85 10938 1
85 10990 1
85 10997 1
85 11451 1
85 11684 1
85 12028 1
85 12100 1
85 12697 1
85 13177 1
85 13620 1
85 14459 1
85 15036 1
85 15127 1
85 15310 1
85 15312 1
85 15445 1
85 15582 1
85 15922 1
85 16045 1
85 16199 1
85 16763 1
85 17206 1
85 17572 1
85 17729 1
85 18055 1
85 18192 1
85 18873 1
85 19290 1
85 19322 1
85 19924 1
85 20092 1
85 20693 1
85 20831 1
85 21192 1
85 21569 1
85 21660 1
85 22508 1
85 22900 1
85 22910 1
85 23151 1
85 23280 1
85 23356 1
85 23474 1
85 23490 1
85 23740 1
85 23803 1
85 23805 1
85 23821 1
85 24038 1
85 24078 1
85 24118 1
85 24311 1
85 24548 1
85 24853 1
85 24933 1
85 25168 1
85 25271 1
85 25393 1
85 25811 1
85 26048 1
85 26049 1
85 26071 1
85 26235 1
85 26446 1
85 26631 1
85 26802 1
85 26807 1
85 26866 1
85 27215 1
85 27303 1
85 28163 1
85 28248 1
85 28757 1
85 28806 1
85 28906 1
85 28971 1
85 29611 1
85 30182 1
85 30217 1
85 30368 1
85 30682 1
85 31013 1
85 31270 1
85 31436 1
85 31489 1
85 31564 1
85 31573 1
85 31627 1
85 31731 1
85 31747 1
85 31781 1
85 31803 1
85 31812 1
85 31887 1
85 32057 1
85 32156 1
85 32181 1
85 32345 1
85 32393 1
85 32447 1
85 32464 1
85 32517 1
85 32727 1
85 32983 1
85 33131 1
85 33133 1
85 33219 1
85 33501 1
85 33700 1
85 34065 1
85 34076 1
85 34178 1
85 34597 1
85 34868 1
85 34886 1
85 35194 1
85 35393 1
85 35458 1
85 35816 1
85 36069 1
85 36071 1
85 36094 1
85 36138 1
85 37240 1
85 37320 1
85 37596 1
85 37910 1
85 37911 1
85 38375 1
85 38491 1
85 38623 1
85 38831 1
85 38891 1
85 38932 1
85 38951 1
85 39063 1
85 39181 1
85 39442 1
85 39981 1
85 40147 1
85 40266 1
85 40446 1
85 40521 1
85 40570 1
85 40639 1
85 41545 1
85 41597 1
85 41937 1
85 42800 1
85 43309 1
85 43331 1
85 43373 1
85 43374 1
85 43424 1
85 43448 1
85 43488 1
85 43506 1
85 43726 1
85 43760 1
85 43762 1
85 43792 1
85 43974 1
85 44325 1
85 44387 1
85 44388 1
85 44412 1
85 44495 1
85 45047 1
85 45091 1
85 45334 1
85 45526 1
85 45608 1
85 45660 1
85 45798 1
85 45803 1
85 47212 1
85 47239 1
85 47382 1
85 47384 1
85 47641 1
85 47657 1
85 47756 1
85 48064 1
85 48141 1
85 48199 1
85 48344 1
85 48471 1
85 48518 1
85 48519 1
85 48730 1
85 48735 1
85 48793 1
85 48941 1
85 48977 1
85 49087 1
85 49117 1
85 49255 1
85 49496 1
85 49543 1
85 50096 1
85 50209 1
85 50394 1
85 50567 1
85 51172 1
85 51240 1
85 51241 1
85 51274 1
85 51283 1
85 51338 1
85 51399 1
85 52834 1
85 53158 1
85 53187 1
85 53460 1
85 53593 1
85 53821 1
85 53878 1
85 54575 1
85 54601 1
85 55699 1
85 55821 1
85 55918 1
85 56099 1
85 56136 1
85 56527 1
85 56767 1
85 56995 1
85 57114 1
85 57164 1
85 57187 1
85 57385 1
85 57703 1
85 57896 1
85 58053 1
85 58725 1
85 58809 1
85 59016 1
85 59910 1
85 61115 1
85 61357 1
85 62538 1
85 62595 1
85 62647 1
85 62666 1
85 62857 1
85 63160 1
85 63302 1
85 63421 1
85 63992 1
85 64163 1
85 64196 1
85 64520 1
85 65159 1
85 66144 1
85 66195 1
85 66353 1
85 66744 1
85 67090 1
85 67128 1
85 67397 1
85 67453 1
85 67474 1
85 68433 1
85 68455 1
85 68456 1
85 68458 1
85 68662 1
85 68768 1
85 69038 1
85 69189 1
85 69535 1
85 70255 1
85 70426 1
85 71678 1
85 71892 1
85 72264 1
85 72479 1
85 72789 1
85 72870 1
85 73087 1
85 73947 1
85 74633 1
85 75018 1
85 75043 1
85 75056 1
85 75544 1
85 75686 1
85 76153 1
85 76171 1
85 76176 1
85 76374 1
85 76718 1
85 76736 1
85 76750 1
85 76831 1
85 77010 1
85 77893 1
85 78023 1
85 78496 1
85 78497 1
85 78500 1
85 78567 1
85 78598 1
85 78615 1
85 78618 1
85 78648 1
85 78811 1
85 78834 1
85 78854 1
85 78987 1
85 79144 1
85 79466 1
85 79587 1
85 79701 1
85 79808 1
85 80025 1
85 80146 1
85 80149 1
85 80213 1
85 80272 1
85 80399 1
85 80586 1
85 80601 1
85 80614 1
85 80684 1
85 80690 1
85 80850 1
85 81008 1
85 81184 1
85 81199 1
85 81214 1
85 81368 1
85 81425 1
85 81453 1
85 81503 1
85 81590 1
85 81635 1
85 81812 1
85 81842 1
85 81937 1
85 82071 1
85 82497 1
85 82667 1
85 82762 1
85 82781 1
85 83326 1
85 83618 1
85 84113 1
87 12915 1
87 15784 1
87 23639 1
87 25441 1
87 29521 1
87 30597 1
87 30630 1
87 32787 1
87 32888 1
87 33512 1
87 35976 1
87 36240 1
87 39857 1
87 43611 1
87 45204 1
87 45519 1
87 45755 1
87 51057 1
87 55259 1
87 57510 1
87 57825 1
87 60292 1
87 60643 1
87 62765 1
87 66780 1
87 66798 1
87 67596 1
87 67692 1
87 72918 1
87 74830 1
87 74893 1
87 75094 1
87 75409 1
87 75557 1
87 75746 1
87 75765 1
87 76000 1
87 76001 1
87 76493 1
87 76494 1
87 78958 1
87 79186 1
87 79234 1
87 79434 1
87 79874 1
87 80319 1
87 84519 1
89 224 1
89 455 1
89 6614 1
89 7465 1
89 8677 1
89 9494 1
89 12321 1
89 12606 1
89 18132 1
89 20406 1
89 21148 1
89 25370 1
89 28206 1
89 33973 1
89 35951 1
89 36026 1
89 36239 1
89 36502 1
89 37093 1
89 62603 1
89 64975 1
89 69729 1
89 72345 1
89 72897 1
89 76494 1
89 79415 1
91 2829 1
93 4229 1
93 5040 1
93 6494 1
93 7087 1
93 8289 1
93 8314 1
93 8401 1
93 8451 1
93 8664 1
93 10139 1
93 10408 1
93 10829 1
93 11350 1
93 11360 1
93 12180 1
93 12258 1
93 12451 1
93 12470 1
93 12729 1
93 12763 1
93 12783 1
93 14349 1
93 15213 1
93 15594 1
93 15651 1
93 15840 1
93 15961 1
93 16188 1
93 16500 1
93 16583 1
93 17303 1
93 17409 1
93 17460 1
93 17654 1
93 17714 1
93 17751 1
93 17762 1
93 17877 1
93 17899 1
93 18195 1
93 18217 1
93 18271 1
93 18301 1
93 18450 1
93 18490 1
93 18606 1
93 18629 1
93 18694 1
93 18727 1
93 18828 1
93 18871 1
93 19722 1
93 20116 1
93 20185 1
93 20349 1
93 20438 1
93 22141 1
93 23277 1
93 26983 1
93 27333 1
93 31639 1
93 31792 1
93 32663 1
93 33279 1
93 33295 1
93 33738 1
93 34073 1
93 36739 1
93 36859 1
93 38267 1
93 39588 1
93 40220 1
93 41293 1
93 41641 1
93 41690 1
93 41844 1
93 41855 1
93 41898 1
93 44013 1
93 44050 1
93 44217 1
93 44803 1
93 45008 1
93 45137 1
93 47096 1
93 50329 1
93 50535 1
93 55232 1
93 59871 1
93 60033 1
93 60136 1
93 68933 1
93 69100 1
93 79018 1
94 386 1
94 441 1
94 2265 1
94 5334 1
94 5335 1
94 9299 1
94 10994 1
94 14637 1
94 14805 1
94 14832 1
94 14879 1
94 16525 1
94 18005 1
94 18118 1
94 18698 1
94 18872 1
94 19584 1
94 22021 1
94 22583 1
94 22997 1
94 23264 1
94 29196 1
94 29944 1
94 30789 1
94 34122 1
94 34224 1
94 38481 1
94 46426 1
94 46607 1
94 52078 1
94 53170 1
94 53414 1
94 64892 1
94 70968 1
94 73555 1
94 81299 1
94 81820 1
95 10326 1
95 11759 1
95 14805 1
95 17818 1
95 20209 1
95 22669 1
95 25587 1
95 29043 1
95 34247 1
95 35265 1
95 36424 1
95 37844 1
95 37927 1
95 41898 1
95 48979 1
95 50327 1
95 61417 1
95 63368 1
95 66543 1
95 76007 1
97 2207 1
97 4994 1
97 9223 1
97 25079 1
97 38709 1
97 39816 1
97 46565 1
97 65552 1
97 66556 1
97 71770 1
98 2207 1
98 12000 1
98 13857 1
98 14380 1
98 27060 1
98 28480 1
98 38709 1
98 39816 1
98 79936 1
99 814 1
99 925 1
99 1058 1
99 1383 1
99 1936 1
99 5852 1
99 7005 1
99 7039 1
99 8329 1
99 8330 1
99 8754 1
99 10942 1
99 12172 1
99 12553 1
99 13556 1
99 14320 1
99 15356 1
99 17145 1
99 19290 1
99 19793 1
99 20570 1
99 20827 1
99 20999 1
99 22351 1
99 22355 1
99 22450 1
99 22481 1
99 22499 1
99 22541 1
99 22694 1
99 23004 1
99 23707 1
99 23817 1
99 23847 1
99 24871 1
99 24939 1
99 29023 1
99 29030 1
99 29188 1
99 29189 1
99 29195 1
99 29198 1
99 29289 1
99 29297 1
99 29357 1
99 29494 1
99 30702 1
99 30724 1
99 30755 1
99 30923 1
99 33167 1
99 33194 1
99 35375 1
99 36530 1
99 37488 1
99 37527 1
99 39089 1
99 39196 1
99 39328 1
99 43641 1
99 43737 1
99 43760 1
99 46984 1
99 48206 1
99 52853 1
99 54906 1
99 55699 1
99 55807 1
99 60800 1
99 63407 1
99 71039 1
99 73087 1
99 73262 1
99 75199 1
99 75274 1
99 76053 1
99 76118 1
99 76146 1
99 76330 1
99 76888 1
99 78987 1
99 80901 1
99 80953 1
99 82301 1
99 82459 1
100 9103 1
100 10411 1
100 11924 1
100 13093 1
100 18902 1
100 23844 1
100 26890 1
100 29944 1
100 29945 1
100 29946 1
100 30036 1
100 32293 1
100 33780 1
100 45126 1
100 46471 1
100 46594 1
100 46868 1
100 46897 1
100 48772 1
100 52791 1
100 53963 1
100 66187 1
100 66302 1
100 69733 1
100 69845 1
100 72966 1
100 79995 1
100 80004 1
100 80795 1
100 80877 1
100 81798 1